22424322334
34443422345
44444424444
55555522445
33334322333
45555525555
44443424233
44545522444
55555522155
44444422454
45534222454
34433422434
44444422554
34533322453
55545522455
44333324343
45555522353
23232222322
44334322444
45544422454
45544523544
44343323434
44254422454
13221422322
34334422345
33443322222
35342324232
33223323222
45444422545
22435325235
44444322443
32322322222
44343224342
43433322333
44554422444
33333323333
33534422344
33343323334
34444422343
33433423233
34434322344
44333422333
44444424534
33333323333
34343323333
44444422444
34433322333
55555525555
44525322354
55533322344
53343222323
34444322343
33242422434
44332222132
44434322345
55545522355
43344424434
53344524355
44435422444
44544422424
34343222433
32333222322
32433323343
44443422444
45454422444
44444424444
54434424234
55554422353
54545522455
43444424433
45444423444
54555522355
34443424344
45534222333
44444424444
44555322432
55555422555
34433424333
33333322233
43444324434
32433322343
33333324334
44444424444
43443522435
33222222232
55545522555
12222223223
33343222323
53434324344
33333322333
44455322454
33345324434
44541422534
44433522343
43442322333
34333422333
34444424443
45555422555
43434423444
44444422445
33333423333
43355422344
43444424444
32323223233
22223322333
33343322334
55555525555
33344323433
13534322434
33444424444
44454525545
33333323333
33243322333
44455522344
55555525555
34354422444
43434324344
34444322334
22222222222
43434424444
34334322343
34443323433
43533224443
55555522333
55555522455
33344323333
33334322334
45515525325
23223323422
32333222223
34343323334
52344423433
44443323443
44444325444
54453422443
33443424444
44454424333
55545424444
43434422433
55553322555
44444424444
23233422323
33421423334
24433323443
34433424344
43343422324
42523324334
43334322222
33333422333
44333222333
44544322543
53333323333
32333323433
55555522555
44432222433
44554424444
23332222323
22322124422
22333323333