432243
544433
544422
555555
443332
555555
334432
544323
555355
334334
443344
223232
544355
344233
345323
243432
545533
222232
433434
545455
554445
233333
544454
232312
223343
443433
523223
223422
222255
324553
444443
323333
333345
332332
444524
333343
232423
343333
234343
432433
433343
443433
444444
233333
344344
543344
554433
444555
124141
535455
322234
444333
333324
433322
533343
554353
424434
554444
433444
555532
344443
333322
223322
434344
222244
444433
433544
334355
434454
444444
212333
555453
333333
434223
554433
435422
544334
344344
332222
455343
222333
333333
344444
532434
342222
342245
223422
434242
434343
333223
211144
334434
444544
555545
222332
433333
544433
455522
322212
555544
334333
444445
444444
323231
222322
223234
555555
122144
443435
433344
554554
333333
535522
434433
111123
332344
544322
334444
221222
333444
344344
353443
434444
232332
555454
333444
244232
555555
242223
333333
434344
443534
543444
444444
111254
221142
333434
534443
345344
344555
444444
234233
343343
333333
122233
433333
544243
433334
444333
434433
554434
533333
333333
555555
332323
444444
222223
232232
222212