4332232341
4443344544
5455555555
4333443455
2333442423
5555555555
3334334432
3322332555
4344555555
4444343344
3445544543
4444444523
5445554554
5454553535
5354553545
3445333453
4533553555
2132232322
3444553554
4444454545
5555544554
4344554444
3434343345
2222323112
3544443432
3533433344
5432434343
2332243322
5444443434
3245232523
4444554544
2122222222
3444343523
3323443424
4444444545
3344444423
2234534434
3334444444
3433453444
4543233533
2334432323
3343443434
3343444444
3333343443
3442432333
5555553445
4454544554
5555555555
5455554554
5453552552
4455434434
4435544344
4432532543
4534423442
4433433554
3245553555
3223333333
5555555555
3434434434
5434543554
4444443444
4444433434
5555434534
3454454544
4444444453
4554534545
3544544443
3435553534
5554544555
3334333343
5555453555
5544555544
3333444344
5443553553
3554531353
3423433432
5545442553
4444444434
3333333333
4533543444
3344543443
4433432433
3444444444
2424534533
2334422433
4455555545
2322125222
4344542545
3324433443
3433342333
4225542444
3343454533
4435534444
3333354544
2222511552
3434443443
3443343343
3434544555
3444233334
4444454444
3433343333
3543454443
4444444444
2222232323
2222222223
4444344343
5555555555
4444444433
3555334343
4444544445
4544554554
3333333333
3453323353
5544443555
5555555555
3444543533
4444553552
3344444444
1111111111
3434344334
4334434444
4434433434
4535444454
3334545542
5555545555
3434334444
3333322523
2222221453
2334323422
3333344333
3443334354
5434242452
4334433444
4434444444
2223344555
4445445445
2334434343
4545555544
3445543453
5544554535
4444444443
3232242431
3334423441
4353233333
4444554334
3435454545
4423444353
3334333334
3433333443
4343443533
4554444544
5333333331
2234554344
5555555555
3222444533
4444444544
2222222222
2222222232
1222222222